4

340 237 353 237 8
364 237 375 237 8

359 216 359 228 8
359 245 359 257 8

8

295 192 295 207 8
295 192 311 192 8

295 280 295 265 8
295 280 311 280 8

420 280 420 264 8
420 280 407 280 8

420 192 420 207 8
420 192 409 192 8

8

282 180 282 192 8
282 180 302 180 8

282 293 282 280 8
282 293 302 293 8

436 293 436 280 8
436 293 417 293 8

436 179 436 192 8
436 179 416 179 8

8

237 157 252 157 8
237 157 237 171 8

237 317 237 299 8
237 317 250 317 8

478 317 478 301 8
478 317 466 317 8

478 157 478 169 8
478 157 466 157 8

8

182 117 195 117 8
182 117 182 132 8

182 357 182 340 8
182 357 195 357 8

534 357 522 357 8
534 357 534 340 8

534 117 524 117 8
534 117 534 132 8
